12
 44  81  80 108  57  70   8 129  51  13  88 111 
  4 124 131  43 130   6 134  12   9  65  15  55 
 16 115 140  82 123  52 105  86  54  84  89   3 
110  78 101 142  48 114 143  11   5   7  85  62 
 30 107   1 141 112 132   2  93  53  58  17  56 
 75  34  42  36 139 137  79 113  67 121  10  14 
117  46 109 103 125   0  41  40 120  24 116  94 
104  73 126  28  18 127  90  20  92  69  60  38 
 76 138 102  50  61  59 128 133  27  71  26  66 
 33 119  25  49  87 136 135  99  91  23  22  64 
 72  31  37  63  74  21  96 122  29  19  95  32 
 77  45 100  39  35 106  98  47  83  97  68 118