# This puzzle is unsolvable
12
 45 129 124   6   3  81  49  48  86 120 108  55 
  1   5  46 136  53  83  14  58 127  10  88  17 
 42  36 112  75 110   7  84  79  51  52  21  65 
  4  94   2 111  98  85  60  12  16 137  11 115 
134 106 132  67 109 113 114  56  61 118 101 100 
 13  40  38 128  50 141 139  15 138 142  57 117 
 44 103  82   8  43  69  89  22 121   0  54 130 
 72  77  87   9  41  30 122  47  96 116  90  66 
 76 133 107  27  33 126  97  63  18  28  24  95 
104  34 105 131 135  80  91 140 125  99 119  23 
 78 123  29 143  37  74 102  39  19  68  62  93 
 70  71  31  35  92  32  73  26  25  20  64  59 
